
## 1. First Token

============================================================
Phase 2: Linear probe  [llama3.1-8b__both_val]  strategy=first
============================================================
[skip] Already exists: outputs/llama3.1-8b__both_val/probe_results/probe_first.json

 Layer   Test Acc    AUROC   Train Acc
---------------------------------------------
     0     0.9570   0.9410      1.0000
     1     0.9590   0.9317      1.0000
     2     0.9746   0.9417      1.0000
     3     0.9688   0.9469      1.0000
     4     0.9668   0.9377      1.0000
     5     0.9648   0.9412      1.0000
     6     0.9668   0.9384      1.0000
     7     0.9707   0.9489      1.0000
     8     0.9648   0.9577      1.0000
     9     0.9688   0.9562      1.0000
    10     0.9668   0.9573      1.0000
    11     0.9688   0.9536      1.0000
    12     0.9766   0.9564      1.0000
    13     0.9727   0.9554      1.0000
    14     0.9688   0.9600      1.0000  <- BEST
    15     0.9688   0.9471      1.0000
    16     0.9727   0.9551      1.0000
    17     0.9668   0.9431      1.0000
    18     0.9707   0.9495      1.0000
    19     0.9746   0.9368      1.0000
    20     0.9766   0.9409      1.0000
    21     0.9648   0.9477      1.0000
    22     0.9707   0.9404      1.0000
    23     0.9590   0.9283      1.0000
    24     0.9707   0.9305      1.0000
    25     0.9707   0.9250      1.0000
    26     0.9727   0.9411      1.0000
    27     0.9668   0.9407      1.0000
    28     0.9688   0.9415      1.0000
    29     0.9668   0.9348      1.0000
    30     0.9668   0.9377      1.0000
    31     0.9688   0.9281      1.0000

Best layer : 14  AUROC=0.9600  Acc=0.9688

[GO] AUROC >= 0.65 -> Linguistic Hyperplane likely exists. Proceed.

============================================================
Phase 3: Visualization  [llama3.1-8b__both_val]  strategy=first
============================================================
Loaded hidden states: outputs/llama3.1-8b__both_val/hidden_states/hs_first.npy  shape=(5120, 32, 4096)
Loaded labels:        outputs/llama3.1-8b__both_val/hidden_states/labels_first.npy  shape=(5120,)
Saved → outputs/llama3.1-8b__both_val/figures/layer_accuracy_curve.png
Saved → outputs/llama3.1-8b__both_val/figures/tsne_first.png

============================================================
Phase 4: Token position comparison  [llama3.1-8b__both_val]
============================================================

 Layer   Test Acc    AUROC   Train Acc
---------------------------------------------
     0     0.9570   0.9410      1.0000
     1     0.9590   0.9317      1.0000
     2     0.9746   0.9417      1.0000
     3     0.9688   0.9469      1.0000
     4     0.9668   0.9377      1.0000
     5     0.9648   0.9412      1.0000
     6     0.9668   0.9384      1.0000
     7     0.9707   0.9489      1.0000
     8     0.9648   0.9577      1.0000
     9     0.9688   0.9562      1.0000
    10     0.9668   0.9573      1.0000
    11     0.9688   0.9536      1.0000
    12     0.9766   0.9564      1.0000
    13     0.9727   0.9554      1.0000
    14     0.9688   0.9600      1.0000  <- BEST
    15     0.9688   0.9471      1.0000
    16     0.9727   0.9551      1.0000
    17     0.9668   0.9431      1.0000
    18     0.9707   0.9495      1.0000
    19     0.9746   0.9368      1.0000
    20     0.9766   0.9409      1.0000
    21     0.9648   0.9477      1.0000
    22     0.9707   0.9404      1.0000
    23     0.9590   0.9283      1.0000
    24     0.9707   0.9305      1.0000
    25     0.9707   0.9250      1.0000
    26     0.9727   0.9411      1.0000
    27     0.9668   0.9407      1.0000
    28     0.9688   0.9415      1.0000
    29     0.9668   0.9348      1.0000
    30     0.9668   0.9377      1.0000
    31     0.9688   0.9281      1.0000

Best layer : 14  AUROC=0.9600  Acc=0.9688

[GO] AUROC >= 0.65 -> Linguistic Hyperplane likely exists. Proceed.

 Layer   Test Acc    AUROC   Train Acc
---------------------------------------------
     0     0.9746   0.9335      0.9995
     1     0.9707   0.9409      1.0000
     2     0.9727   0.9595      1.0000
     3     0.9746   0.9516      1.0000
     4     0.9785   0.9528      1.0000
     5     0.9746   0.9555      1.0000
     6     0.9766   0.9662      1.0000
     7     0.9727   0.9591      1.0000
     8     0.9746   0.9550      1.0000
     9     0.9727   0.9622      1.0000
    10     0.9727   0.9583      1.0000
    11     0.9785   0.9757      1.0000  <- BEST
    12     0.9707   0.9725      1.0000
    13     0.9785   0.9668      1.0000
    14     0.9824   0.9693      1.0000
    15     0.9727   0.9643      1.0000
    16     0.9785   0.9659      1.0000
    17     0.9668   0.9501      1.0000
    18     0.9648   0.9469      1.0000
    19     0.9727   0.9508      1.0000
    20     0.9688   0.9529      1.0000
    21     0.9688   0.9487      1.0000
    22     0.9766   0.9397      1.0000
    23     0.9746   0.9354      1.0000
    24     0.9688   0.9313      1.0000
    25     0.9746   0.9307      1.0000
    26     0.9766   0.9447      1.0000
    27     0.9727   0.9549      1.0000
    28     0.9766   0.9623      1.0000
    29     0.9746   0.9621      1.0000
    30     0.9746   0.9701      1.0000
    31     0.9746   0.9660      1.0000

Best layer : 11  AUROC=0.9757  Acc=0.9785

[GO] AUROC >= 0.65 -> Linguistic Hyperplane likely exists. Proceed.

 Layer   Test Acc    AUROC   Train Acc
---------------------------------------------
     0     0.9629   0.9509      0.9946
     1     0.9609   0.9262      0.9985
     2     0.9727   0.9571      1.0000
     3     0.9707   0.9526      1.0000
     4     0.9668   0.9488      1.0000
     5     0.9668   0.9506      1.0000
     6     0.9570   0.9389      1.0000
     7     0.9707   0.9278      1.0000
     8     0.9727   0.9231      1.0000
     9     0.9727   0.9498      1.0000
    10     0.9727   0.9421      1.0000
    11     0.9766   0.9661      1.0000
    12     0.9785   0.9648      1.0000
    13     0.9707   0.9551      1.0000
    14     0.9785   0.9667      1.0000
    15     0.9746   0.9599      1.0000
    16     0.9609   0.9633      1.0000
    17     0.9629   0.9677      1.0000  <- BEST
    18     0.9766   0.9597      1.0000
    19     0.9844   0.9505      1.0000
    20     0.9727   0.9562      1.0000
    21     0.9727   0.9519      1.0000
    22     0.9727   0.9551      1.0000
    23     0.9688   0.9645      1.0000
    24     0.9707   0.9563      1.0000
    25     0.9727   0.9536      1.0000
    26     0.9766   0.9543      1.0000
    27     0.9746   0.9463      1.0000
    28     0.9727   0.9597      1.0000
    29     0.9746   0.9617      1.0000
    30     0.9727   0.9551      1.0000
    31     0.9688   0.9564      1.0000

Best layer : 17  AUROC=0.9677  Acc=0.9629

[GO] AUROC >= 0.65 -> Linguistic Hyperplane likely exists. Proceed.
Saved → outputs/llama3.1-8b__both_val/figures/token_position_comparison.png

## 2. Last Token

[Debug] Layer 0 | X_train mean=0.0000, std=1.0000 | X_test mean=-0.0000, std=1.0012

[Debug] Layer 0 | Class distribution in train: [ 542 3554] | Class distribution in test: [136 888]
Saved probe results -> outputs/llama3.1-8b__both_val/probe_results/probe_mean.json

 Layer   Test Acc    AUROC   Train Acc
---------------------------------------------
     0     0.9746   0.9335      0.9995
     1     0.9707   0.9409      1.0000
     2     0.9727   0.9595      1.0000
     3     0.9746   0.9516      1.0000
     4     0.9785   0.9528      1.0000
     5     0.9746   0.9555      1.0000
     6     0.9766   0.9662      1.0000
     7     0.9727   0.9591      1.0000
     8     0.9746   0.9550      1.0000
     9     0.9727   0.9622      1.0000
    10     0.9727   0.9583      1.0000
    11     0.9785   0.9757      1.0000  <- BEST
    12     0.9707   0.9725      1.0000
    13     0.9785   0.9668      1.0000
    14     0.9824   0.9693      1.0000
    15     0.9727   0.9643      1.0000
    16     0.9785   0.9659      1.0000
    17     0.9668   0.9501      1.0000
    18     0.9648   0.9469      1.0000
    19     0.9727   0.9508      1.0000
    20     0.9688   0.9529      1.0000
    21     0.9688   0.9487      1.0000
    22     0.9766   0.9397      1.0000
    23     0.9746   0.9354      1.0000
    24     0.9688   0.9313      1.0000
    25     0.9746   0.9307      1.0000
    26     0.9766   0.9447      1.0000
    27     0.9727   0.9549      1.0000
    28     0.9766   0.9623      1.0000
    29     0.9746   0.9621      1.0000
    30     0.9746   0.9701      1.0000
    31     0.9746   0.9660      1.0000

Best layer : 11  AUROC=0.9757  Acc=0.9785

[GO] AUROC >= 0.65 -> Linguistic Hyperplane likely exists. Proceed.

 Layer   Test Acc    AUROC   Train Acc
---------------------------------------------
     0     0.9629   0.9509      0.9946
     1     0.9609   0.9262      0.9985
     2     0.9727   0.9571      1.0000
     3     0.9707   0.9526      1.0000
     4     0.9668   0.9488      1.0000
     5     0.9668   0.9506      1.0000
     6     0.9570   0.9389      1.0000
     7     0.9707   0.9278      1.0000
     8     0.9727   0.9231      1.0000
     9     0.9727   0.9498      1.0000
    10     0.9727   0.9421      1.0000
    11     0.9766   0.9661      1.0000
    12     0.9785   0.9648      1.0000
    13     0.9707   0.9551      1.0000
    14     0.9785   0.9667      1.0000
    15     0.9746   0.9599      1.0000
    16     0.9609   0.9633      1.0000
    17     0.9629   0.9677      1.0000  <- BEST
    18     0.9766   0.9597      1.0000
    19     0.9844   0.9505      1.0000
    20     0.9727   0.9562      1.0000
    21     0.9727   0.9519      1.0000
    22     0.9727   0.9551      1.0000
    23     0.9688   0.9645      1.0000
    24     0.9707   0.9563      1.0000
    25     0.9727   0.9536      1.0000
    26     0.9766   0.9543      1.0000
    27     0.9746   0.9463      1.0000
    28     0.9727   0.9597      1.0000
    29     0.9746   0.9617      1.0000
    30     0.9727   0.9551      1.0000
    31     0.9688   0.9564      1.0000

Best layer : 17  AUROC=0.9677  Acc=0.9629

[GO] AUROC >= 0.65 -> Linguistic Hyperplane likely exists. Proceed.
Saved → outputs/llama3.1-8b__both_val/figures/token_position_comparison.png
